- OS: Windows-11-10.0.26100-SP0 10.0.26100
- Python: 3.12.10
- Stable-Baselines3: 2.5.0
- PyTorch: 2.5.1+cpu
- GPU Enabled: False
- Numpy: 2.0.2
- Cloudpickle: 3.1.1
- Gymnasium: 1.0.0
- OpenAI Gym: 0.26.2
